SNP CHR position_bp Effect_allele beta_biobank lwr_biobank upr_biobank pval_biobank beta_hunt lwr_hunt upr_hunt pval_hunt beta_locke lwr_locke upr_locke pval_locke
rs977747 1 47684677 T 0.08  0.06 0.10  1.24E-13 0.03  -0.06 0.12  0.53 0.02  0.01 0.02  8.65E-08
rs657452 1 49589847 A 0.08  0.06 0.10  5.38E-12 0.09  0.00 0.19  0.05 0.02  0.02 0.03  5.48E-13
rs11583200 1 50559820 C 0.07  0.05 0.09  1.48E-09 0.08  -0.01 0.18  0.08 0.02  0.01 0.02  1.48E-08
rs3101336 1 72751185 C 0.11  0.08 0.13  1.68E-21 0.18  0.09 0.27  8.96E-05 0.03  0.03 0.04  2.66E-26
rs12566985 1 75002193 G 0.08  0.06 0.11  1.36E-14 0.09  0.00 0.18  0.05 0.02  0.02 0.03  3.28E-15
rs12401738 1 78446761 A 0.08  0.06 0.10  1.17E-12 0.08  -0.01 0.18  0.07 0.02  0.02 0.03  1.15E-10
rs11165643 1 96924097 T 0.09  0.06 0.11  8.99E-15 0.05  -0.04 0.14  0.26 0.02  0.02 0.03  2.07E-12
rs17024393 1 110154688 C 0.31  0.24 0.37  6.26E-19 0.31  0.03 0.59  0.03 0.07  0.05 0.08  7.03E-14
rs543874 1 177889480 G 0.24  0.21 0.27  3.36E-71 0.37  0.26 0.47  1.03E-11 0.05  0.04 0.06  2.62E-35
rs2820292 1 201784287 C 0.09  0.07 0.11  5.58E-17 0.12  0.03 0.21  0.01 0.02  0.01 0.03  1.83E-10
rs13021737 2 632348 G 0.26  0.23 0.29  3.95E-74 0.19  0.07 0.31  1.72E-03 0.06  0.05 0.07  1.11E-50
rs10182181 2 25150296 G 0.17  0.15 0.19  2.39E-55 0.21  0.12 0.30  6.30E-06 0.03  0.03 0.04  8.78E-24
rs11126666 2 26928811 A 0.01  -0.01 0.04  2.29E-01 0.01  -0.09 0.11  0.82 0.02  0.02 0.03  1.33E-09
rs1016287 2 59305625 T 0.09  0.07 0.12  5.07E-15 0.15  0.05 0.25  2.78E-03 0.02  0.02 0.03  2.25E-11
rs11688816 2 63053048 G 0.05  0.03 0.07  2.24E-05 -0.02  -0.12 0.07  0.60 0.02  0.01 0.02  1.89E-08
rs2121279 2 143043285 T 0.05  0.02 0.08  2.18E-03 -0.01  -0.14 0.12  0.93 0.02  0.02 0.03  2.31E-08
rs1460676 2 164567689 C 0.06  0.03 0.09  2.24E-05 0.06  -0.07 0.18  0.36 0.02  0.01 0.03  8.98E-07
rs1528435 2 181550962 T 0.08  0.05 0.10  8.76E-12 0.07  -0.02 0.17  0.12 0.02  0.01 0.02  1.2E-08
rs17203016 2 208255518 G 0.06  0.04 0.09  2.67E-06 0.04  -0.07 0.15  0.47 0.02  0.01 0.03  8.15E-08
rs7599312 2 213413231 G 0.08  0.05 0.10  7.65E-10 0.11  0.01 0.21  0.03 0.02  0.02 0.03  1.17E-10
rs492400 2 219349752 C 0.05  0.03 0.08  9.08E-07 0.07  -0.02 -0.16  0.15 0.02  0.01 0.02  4.17E-07
rs2176040 2 227092802 A 0.01  -0.01 0.04  0.23 -0.02  -0.11 0.07  0.64 0.01  0.01 0.02  6.06E-06
rs6804842 3 25106437 G 0.06  0.04 0.09  7.57E-09 0.10  0.01 0.19  0.03 0.02  0.01 0.02  2.48E-09
rs2365389 3 61236462 C 0.07  0.05 0.09  8.70E-11 0.04  -0.05 0.13  0.37 0.02  0.01 0.03  1.63E-10
rs3849570 3 81792112 A 0.06  0.04 0.08  4.03E-07 0.02  -0.07 0.12  0.63 0.02  0.01 0.02  2.6E-08
rs13078960 3 85807590 G 0.09  0.06 0.12  2.06E-11 0.09  -0.02 0.20  0.12 0.03  0.02 0.04  1.74E-14
rs16851483 3 141275436 T 0.18  0.14 0.22  1.45E-16 0.01  -0.18 0.20  0.91 0.05  0.03 0.06  3.55E-10
rs1516725 3 185824004 C 0.16  0.13 0.19  4.80E-25 0.13  -0.01 0.27  0.06 0.04  0.04 0.05  1.89E-22
rs10938397 4 45182527 G 0.15  0.13 0.17  7.36E-41 0.18  0.08 0.27  1.59E-04 0.04  0.03 0.05  3.21E-38
rs17001654 4 77129568 G 0.08  0.05 0.11  3.14E-07 0.14  0.02 0.27  0.03 0.03  0.02 0.04  7.76E-09
rs13107325 4 103188709 T 0.23  0.19 0.27  7.60E-30 0.13  -0.07 0.33  0.21 0.05  0.03 0.06  1.83E-12
rs11727676 4 145659064 T 0.04  0.00 0.07  3.42E-02 0.12  -0.04 0.28  0.13 0.04  0.02 0.05  2.55E-08
rs2112347 5 75015242 T 0.14  0.11 0.16  1.03E-33 0.04  -0.05 0.14  0.37 0.03  0.02 0.03  6.19E-17
rs7715256 5 153537893 G 0.08  0.05 0.10  6.96E-12 0.08  -0.01 0.17  0.09 0.02  0.01 0.02  1.7E-07
rs205262 6 34563164 G 0.14  0.12 0.16  2.69E-30 0.20  0.09 0.30  1.6E-04 0.02  0.01 0.03  1.75E-10
rs2033529 6 40348653 G 0.10  0.07 0.12  2.60E-16 0.02  -0.08 0.12  0.64 0.02  0.01 0.02  1.39E-08
rs2207139 6 50845490 G 0.19  0.16 0.22  2.57E-39 0.16  0.04 0.28  7.98E-03 0.04  0.04 0.05  4.13E-29
rs9400239 6 108977663 C 0.08  0.06 0.11  6.69E-12 0.08  -0.02 0.18  0.13 0.02  0.01 0.02  1.61E-08
rs9374842 6 120185665 T 0.06  0.04 0.09  2.15E-06 0.01  -0.09 0.11  0.85 0.02  0.02 0.03  2.67E-08
rs13201877 6 137675541 G 0.04  0.01 0.07  1.58E-02 0.00 -0.13 0.12  0.96 0.02  0.01 0.03  2.35E-07
rs13191362 6 163033350 A 0.10  0.06 0.13  8.09E-09 0.16  0.03 0.30  0.01 0.03  0.02 0.04  7.34E-09
rs1167827 7 75163169 G 0.10  0.08 0.12  2.99E-20 0.07  -0.02 0.16  0.13 0.02  0.01 0.03  6.33E-10
rs2245368 7 76608143 C 0.12  0.09 0.15  3.76E-17 0.16  0.04 0.28  8.69E-03 0.03  0.02 0.04  3.19E-08
rs9641123 7 93197732 C 0.04  0.02 0.06  1.83E-04 0.09  0.00 0.18  0.06 0.03  0.02 0.04  2.08E-10
rs6465468 7 95169514 T 0.03  0.01 0.05  1.09E-02 0.06  -0.04 0.16  0.21 0.02  0.01 0.02  2.32E-06
rs17405819 8 76806584 T 0.09  0.07 0.12  2.01E-15 0.11  0.02 0.21  0.02 0.02  0.02 0.03  2.07E-11
rs16907751 8 81375457 C 0.09  0.06 0.13  7.25E-07 0.02  -0.13 0.17  0.77 0.04  0.02 0.05  1.26E-07
rs2033732 8 85079709 C 0.05  0.02 0.07  1.01E-04 0.02  -0.08 0.13  0.66 0.02  0.01 0.03  4.89E-08
rs4740619 9 15634326 T 0.09  0.07 0.11  1.24E-15 0.13  0.04 0.22  3.45E-03 0.02  0.01 0.02  4.56E-09
rs10968576 9 28414339 G 0.12  0.10 0.14  5.79E-26 0.14  0.04 0.23  0.01 0.02  0.02 0.03  6.61E-14
rs6477694 9 111932342 C 0.06  0.04 0.08  4.80E-08 0.04  -0.05 0.13  0.40 0.02  0.01 0.02  2.67E-08
rs1928295 9 120378483 T 0.06  0.04 0.08  1.19E-08 0.10  0.01 0.19  0.03 0.02  0.01 0.02  7.91E-10
rs10733682 9 129460914 A 0.07  0.04 0.09  4.20E-09 0.07  -0.02 0.15  0.16 0.02  0.01 0.02  1.83E-08
rs7899106 10 87410904 G 0.13  0.09 0.18  8.60E-08 0.32  0.09 0.54  5.45E-03 0.04  0.03 0.05  2.96E-08
rs17094222 10 102395440 C 0.07  0.04 0.09  4.41E-07 0.09  -0.02 0.21  0.11 0.02  0.02 0.03  5.94E-11
rs11191560 10 104869038 C 0.12  0.08 0.16  3.49E-09 -0.01  -0.18 0.15  0.87 0.03  0.02 0.04  8.45E-09
rs7903146 10 114758349 C 0.08  0.06 0.11  2.38E-12 0.15  0.04 0.25  5.79E-03 0.02  0.02 0.03  1.1E-11
rs4256980 11 8673939 G 0.09  0.06 0.11  8.36E-14 0.10  0.00 0.19  0.04 0.02  0.02 0.03  2.9E-11
rs11030104 11 27684517 A 0.18  0.15 0.20  7.14E-39 0.09  -0.03 0.20  0.13 0.04  0.03 0.05  5.56E-28
rs2176598 11 43864278 T 0.09  0.06 0.11  2.10E-12 0.10  -0.01 0.20  0.07 0.02  0.01 0.03  2.97E-08
rs3817334 11 47650993 T 0.11  0.09 0.14  6.01E-25 0.10  0.00 0.19  0.04 0.03  0.02 0.03  5.15E-17
rs12286929 11 115022404 G 0.08  0.06 0.10  1.97E-14 0.10  0.01 0.19  0.03 0.02  0.02 0.03  1.31E-12
rs7138803 12 50247468 A 0.13  0.11 0.15  4.35E-32 0.14  0.05 0.23  3.21E-03 0.03  0.03 0.04  8.15E-24
rs11057405 12 122781897 G 0.13  0.10 0.17  1.76E-13 0.18  0.03 0.33  0.02 0.03  0.02 0.04  2.02E-08
rs9581854* 13 28017782 T 0.05  0.02 0.07  9.85E-04 0.07  -0.04 0.18  0.24 0.03  0.02 0.04  2.29E-10
rs12429545 13 54102206 A 0.14  0.10 0.17  1.44E-16 0.16  0.03 0.29  0.02 0.03  0.02 0.04  1.09E-12
rs9540493 13 66205704 A 0.07  0.05 0.09  6.31E-10 0.02  -0.07 0.11  0.61 0.02  0.01 0.03  4.97E-08
rs1441264 13 79580919 A 0.09  0.07 0.11  2.73E-15 0.05  -0.04 0.14  0.29 0.02  0.01 0.02  6.04E-08
rs10132280 14 25928179 C 0.11  0.09 0.14  1.41E-21 0.10  0.01 0.20  0.04 0.02  0.02 0.03  1.14E-11
rs12885454 14 29736838 C 0.07  0.05 0.10  5.74E-11 0.05  -0.04 0.15  0.25 0.02  0.02 0.03  1.94E-10
rs11847697 14 30515112 T 0.12  0.06 0.17  1.11E-05 0.32  0.07 0.57  0.01 0.05  0.03 0.06  3.99E-09
rs7141420 14 79899454 T 0.09  0.07 0.11  1.69E-16 0.10  0.01 0.19  0.04 0.02  0.02 0.03  1.23E-14
rs3736485 15 51748610 A 0.07  0.05 0.09  3.49E-11 0.01  -0.08 0.10  0.83 0.02  0.01 0.02  7.41E-09
rs16951275 15 68077168 T 0.13  0.11 0.16  5.11E-24 0.17  0.06 0.28  2.36E-03 0.03  0.02 0.04  1.91E-17
rs7164727 15 73093991 T 0.08  0.06 0.10  1.86E-11 0.07  -0.03 0.17  0.16 0.02  0.01 0.02  6.83E-08
rs758747 16 3627358 T 0.05  0.03 0.08  1.83E-05 0.11  0.00 0.21  0.05 0.02  0.02 0.03  7.47E-10
rs12446632 16 19935389 G 0.14  0.11 0.17  5.18E-20 0.22  0.09 0.36  1.15E-03 0.04  0.03 0.05  1.48E-18
rs2650492 16 28333411 A 0.09  0.07 0.12  2.54E-14 0.18  0.09 0.28  2.22E-04 0.02  0.01 0.03  1.92E-09
rs3888190 16 28889486 A 0.13  0.11 0.15  8.47E-31 0.20  0.11 0.29  1.94E-05 0.03  0.03 0.04  3.14E-23
rs4787491 16 30015337 G 0.08  0.06 0.11  6.15E-15 0.14  0.05 0.23  1.69E-03 0.02  0.01 0.03  2.7E-08
rs9925964 16 31129895 A 0.12  0.10 0.14  6.83E-26 0.04  -0.06 0.13  0.46 0.02  0.01 0.02  8.11E-10
rs2080454 16 49062590 C 0.05  0.03 0.07  2.31E-05 0.09  0.00 0.18  0.04 0.02  0.01 0.02  6.55E-08
rs1558902 16 53803574 A 0.36  0.34 0.38  5.99E-234 0.35  0.26 0.44  7.66E-14 0.08  0.08 0.09  7.5E-153
rs9914578 17 2005136 G 0.04  0.02 0.07  1.33E-03 0.09  -0.01 0.20  0.09 0.02  0.01 0.03  8.99E-08
rs1000940 17 5283252 G 0.07  0.05 0.10  7.48E-10 0.03  -0.07 0.12  0.61 0.02  0.01 0.02  1.28E-08
rs12940622 17 78615571 G 0.08  0.06 0.11  1.33E-14 0.09  0.00 0.18  0.05 0.02  0.01 0.02  2.49E-09
rs1808579 18 21104888 C 0.11  0.09 0.13  1.91E-23 0.12  0.03 0.21  8.84E-03 0.02  0.01 0.02  4.17E-08
rs7239883 18 40147671 G 0.05  0.03 0.07  1.93E-05 0.03  -0.06 0.13  0.46 0.02  0.01 0.02  1.63E-07
rs7243357 18 56883319 T 0.09  0.06 0.11  2.03E-09 0.05  -0.07 0.18  0.41 0.02  0.01 0.03  3.86E-08
rs6567160 18 57829135 C 0.26  0.23 0.28  3.29E-89 0.30  0.20 0.40  8.32E-09 0.06  0.05 0.06  3.93E-53
rs17724992 19 18454825 A 0.07  0.05 0.10  1.77E-09 -0.02  -0.12 0.09  0.76 0.02  0.01 0.03  3.42E-08
rs29941 19 34309532 G 0.08  0.06 0.10  1.32E-11 0.12  0.02 0.21  0.02 0.02  0.01 0.02  2.41E-08
rs2075650 19 45395619 A 0.09  0.06 0.12  1.35E-09 0.08  -0.04 0.21  0.19 0.03  0.02 0.04  1.25E-08
rs2287019 19 46202172 C 0.15  0.13 0.18  1.75E-27 0.11  0.00 0.22  0.05 0.04  0.03 0.04  4.59E-18
rs3810291 19 47569003 A 0.13  0.11 0.15  8.19E-29 0.07  -0.03 0.16  0.16 0.03  0.02 0.04  4.81E-15
rs6091540 20 51087862 C 0.09  0.07 0.11  2.95E-14 0.04  -0.06 0.13  0.47 0.02  0.01 0.02  2.32E-06
rs2836754 21 40291740 C 0.05  0.03 0.08  1.29E-06 0.06  -0.04 0.15  0.23 0.02  0.01 0.02  4.16E-07

