SNP CHR position_bp Effect_allele beta_biobank lwr_biobank upr_biobank pval_biobank beta_hunt lwr_hunt upr_hunt pval_hunt beta_tsoi lwr_tsoi upr_tsoi pval_tsoi
rs977747 1 47684677 T 0.99  0.96 1.03  0.75 1.01  0.92 1.11  0.81 0.99  0.95 1.02  0.42
rs657452 1 49589847 A 1.00  0.97 1.04  0.82 1.05  0.96 1.15  0.29 1.02  0.98 1.07  0.26
rs11583200 1 50559820 C 0.99  0.95 1.02  0.46 1.09  1.00 1.20  0.05 0.97  0.93 1.01  0.12
rs3101336 1 72751185 C 1.00  0.96 1.04  0.96 1.07  0.98 1.17  0.13 1.00  0.96 1.05  0.86
rs12566985 1 75002193 G 1.06  1.02 1.10  4.11E-03 0.97  0.89 1.06  0.51 1.01  0.97 1.05  0.58
rs12401738 1 78446761 A 1.02  0.98 1.06  0.40 1.02  0.93 1.11  0.73 1.07  1.03 1.11  1.64E-04
rs11165643 1 96924097 T 0.97  0.94 1.01  0.13 1.03  0.94 1.13  0.51 1.01  0.97 1.05  0.58
rs17024393 1 110154688 C 0.95  0.84 1.07  0.38 1.11  0.85 1.43  0.44 0.89  0.79 1.00  0.06
rs543874 1 177889480 G 0.99  0.95 1.04  0.71 0.99  0.90 1.09  0.82 1.04  0.99 1.09  0.11
rs2820292 1 201784287 C 1.03  0.99 1.07  0.15 1.01  0.92 1.11  0.79 1.01  0.97 1.05  0.73
rs13021737 2 632348 G 1.04  0.99 1.09  0.17 1.04  0.92 1.17  0.50 0.98  0.94 1.02  0.38
rs10182181 2 25150296 G 1.03  1.00 1.07  0.08 1.01  0.92 1.09  0.88 0.95  0.92 0.98  1.50E-03
rs11126666 2 26928811 A 1.00  0.96 1.04  0.96 1.03  0.93 1.13  0.58 1.01  0.97 1.05  0.70
rs1016287 2 59305625 T 1.04  1.00 1.08  0.06 1.05  0.95 1.15  0.33 1.01  0.97 1.06  0.57
rs11688816 2 63053048 G 1.02  0.98 1.06  0.30 0.99  0.90 1.07  0.78 0.97  0.93 1.01  0.09
rs2121279 2 143043285 T 0.98  0.93 1.04  0.59 0.89  0.79 1.02  0.09 1.06  1.00 1.12  0.05
rs1460676 2 164567689 C 0.98  0.93 1.03  0.48 1.00  0.89 1.13  0.96 1.00  0.94 1.05  0.86
rs1528435 2 181550962 T 0.99  0.95 1.03  0.63 1.01  0.92 1.11  0.87 1.01  0.97 1.05  0.56
rs17203016 2 208255518 G 1.00  0.95 1.05  0.95 1.10  0.99 1.22  0.08 1.01  0.96 1.06  0.61
rs7599312 2 213413231 G 1.00  0.96 1.05  0.83 1.04  0.95 1.15  0.39 1.00  0.96 1.05  0.87
rs492400 2 219349752 C 1.02  0.98 1.06  0.29 1.04  0.95 1.13  0.42 0.99  0.96 1.03  0.77
rs2176040 2 227092802 A 0.99  0.96 1.03  0.73 1.01  0.92 1.11  0.83 1.00  0.96 1.03  0.80
rs6804842 3 25106437 G 0.99  0.95 1.03  0.52 1.00  0.91 1.09  0.97 1.04  1.00 1.08  0.05
rs2365389 3 61236462 C 0.99  0.96 1.03  0.74 1.01  0.92 1.11  0.78 1.01  0.97 1.05  0.65
rs3849570 3 81792112 A 1.02  0.98 1.06  0.31 0.96  0.88 1.05  0.41 0.99  0.95 1.03  0.56
rs13078960 3 85807590 G 0.99  0.94 1.03  0.53 0.92  0.82 1.03  0.13 0.97  0.93 1.01  0.19
rs16851483 3 141275436 T 1.04  0.97 1.12  0.29 1.13  0.95 1.35  0.18 1.09  1.01 1.18  0.03
rs1516725 3 185824004 C 1.00  0.94 1.05  0.86 1.24  1.07 1.43  3.47E-03 0.97  0.92 1.02  0.19
rs10938397 4 45182527 G 0.99  0.95 1.02  0.48 1.03  0.94 1.13  0.48 0.98  0.95 1.01  0.25
rs17001654 4 77129568 G 1.03  0.97 1.08  0.31 1.05  0.93 1.19  0.43 0.99  0.94 1.04  0.66
rs13107325 4 103188709 T 1.03  0.97 1.11  0.34 1.03  0.85 1.25  0.77 1.04  0.97 1.13  0.25
rs11727676 4 145659064 T 0.96  0.90 1.02  0.16 1.04  0.90 1.22  0.60 0.98  0.91 1.06  0.61
rs2112347 5 75015242 T 1.02  0.98 1.06  0.31 1.06  0.97 1.16  0.19 1.04  1.00 1.08  0.05
rs7715256 5 153537893 G 0.99  0.95 1.02  0.43 0.97  0.90 1.06  0.55 0.97  0.94 1.01  0.19
rs205262 6 34563164 G 1.01  0.97 1.06  0.51 1.05  0.95 1.16  0.32 0.99  0.95 1.03  0.51
rs2033529 6 40348653 G 1.01  0.97 1.05  0.61 1.08  0.98 1.19  0.12 1.01  0.97 1.05  0.70
rs2207139 6 50845490 G 1.01  0.97 1.06  0.59 0.94  0.84 1.05  0.30 0.98  0.93 1.03  0.38
rs9400239 6 108977663 C 1.01  0.97 1.06  0.53 1.06  0.96 1.17  0.22 0.97  0.93 1.02  0.21
rs9374842 6 120185665 T 1.00  0.96 1.05  0.90 0.98  0.89 1.08  0.70 1.00  0.96 1.05  0.97
rs13201877 6 137675541 G 0.98  0.93 1.03  0.44 1.03  0.92 1.16  0.58 1.01  0.96 1.07  0.67
rs13191362 6 163033350 A 1.01  0.95 1.06  0.84 0.99  0.88 1.13  0.90 1.02  0.97 1.09  0.43
rs1167827 7 75163169 G 1.00  0.96 1.03  0.85 1.03  0.94 1.13  0.50 1.00  0.97 1.03  0.98
rs2245368 7 76608143 C 1.03  0.98 1.08  0.29 1.00  0.89 1.12  0.96 1.00  0.92 1.09  0.96
rs9641123 7 93197732 C 1.01  0.97 1.05  0.72 0.97  0.89 1.06  0.56 1.01  0.97 1.05  0.76
rs6465468 7 95169514 T 1.01  0.97 1.05  0.55 0.92  0.84 1.01  0.08 0.98  0.94 1.02  0.29
rs17405819 8 76806584 T 1.00  0.96 1.04  0.98 0.98  0.90 1.08  0.71 1.01  0.97 1.06  0.54
rs16907751 8 81375457 C 0.99  0.93 1.06  0.87 1.21  1.04 1.42  0.01 1.00  0.94 1.07  0.91
rs2033732 8 85079709 C 1.00  0.95 1.04  0.83 0.98  0.89 1.08  0.72 1.02  0.98 1.07  0.38
rs4740619 9 15634326 T 0.95  0.91 0.98  4.64E-03 1.01  0.92 1.09  0.90 1.04  1.00 1.08  0.07
rs10968576 9 28414339 G 1.00  0.96 1.04  0.93 0.99  0.90 1.09  0.92 1.01  0.97 1.06  0.51
rs6477694 9 111932342 C 1.01  0.97 1.05  0.72 0.97  0.89 1.06  0.49 1.00  0.96 1.03  0.85
rs1928295 9 120378483 T 1.02  0.98 1.06  0.31 0.95  0.87 1.04  0.25 1.05  1.01 1.08  0.01
rs10733682 9 129460914 A 0.97  0.93 1.01  0.12 0.99  0.90 1.07  0.75 0.99  0.95 1.03  0.63
rs7899106 10 87410904 G 0.99  0.91 1.08  0.77 1.32  1.08 1.60  5.29E-03 1.01  0.93 1.09  0.88
rs17094222 10 102395440 C 1.03  0.98 1.08  0.22 1.02  0.90 1.14  0.77 1.03  0.98 1.08  0.25
rs11191560 10 104869038 C 1.04  0.97 1.12  0.23 1.04  0.89 1.22  0.61 1.01  0.96 1.07  0.65
rs7903146 10 114758349 C 0.99  0.95 1.03  0.50 0.93  0.84 1.03  0.16 0.96  0.92 1.00  0.03
rs4256980 11 8673939 G 0.98  0.94 1.02  0.23 0.99  0.90 1.08  0.86 0.97  0.93 1.01  0.17
rs11030104 11 27684517 A 1.04  0.99 1.09  0.12 1.04  0.93 1.16  0.47 1.00  0.96 1.04  0.94
rs2176598 11 43864278 T 1.01  0.96 1.05  0.74 0.95  0.86 1.05  0.34 1.04  0.99 1.09  0.11
rs3817334 11 47650993 T 1.01  0.98 1.05  0.49 0.96  0.88 1.04  0.31 1.03  0.99 1.06  0.14
rs12286929 11 115022404 G 1.00  0.96 1.04  0.98 0.93  0.85 1.01  0.09 1.03  0.99 1.07  0.12
rs7138803 12 50247468 A 1.01  0.98 1.05  0.47 0.96  0.88 1.05  0.36 0.99  0.95 1.03  0.71
rs11057405 12 122781897 G 1.02  0.96 1.08  0.55 1.04  0.90 1.20  0.60 0.92  0.86 0.97  4.11E-03
rs9581854* 13 28017782 T 1.01  0.96 1.06  0.62 0.99  0.89 1.09  0.81 0.95  0.91 1.00  0.05
rs12429545 13 54102206 A 1.02  0.96 1.07  0.55 0.99  0.87 1.13  0.90 1.03  0.97 1.09  0.32
rs9540493 13 66205704 A 1.00  0.96 1.04  0.92 0.94  0.86 1.02  0.15 1.02  0.98 1.06  0.30
rs1441264 13 79580919 A 1.02  0.98 1.06  0.42 1.10  1.01 1.21  0.03 1.04  1.00 1.08  0.07
rs10132280 14 25928179 C 1.00  0.96 1.04  1.00 1.05  0.95 1.15  0.35 1.01  0.96 1.05  0.81
rs12885454 14 29736838 C 0.99  0.95 1.03  0.65 1.10  1.00 1.21  0.04 1.02  0.98 1.06  0.35
rs11847697 14 30515112 T 1.01  0.93 1.11  0.77 0.93  0.73 1.20  0.60 1.07  0.97 1.17  0.20
rs7141420 14 79899454 T 1.00  0.96 1.03  0.80 1.05  0.96 1.14  0.28 1.01  0.97 1.05  0.72
rs3736485 15 51748610 A 1.01  0.97 1.05  0.53 0.96  0.88 1.05  0.35 0.99  0.95 1.03  0.63
rs16951275 15 68077168 T 1.05  1.01 1.10  0.02 1.11  0.99 1.23  0.06 1.00  0.96 1.04  0.89
rs7164727 15 73093991 T 0.99  0.96 1.03  0.75 1.02  0.92 1.12  0.74 0.98  0.95 1.02  0.31
rs758747 16 3627358 T 1.03  0.98 1.07  0.23 1.05  0.95 1.16  0.30 1.05  1.00 1.10  0.06
rs12446632 16 19935389 G 1.05  1.00 1.11  0.07 0.98  0.86 1.11  0.71 0.97  0.91 1.02  0.22
rs2650492 16 28333411 A 1.03  0.99 1.07  0.21 1.01  0.92 1.12  0.78 1.05  1.01 1.09  8.75E-03
rs3888190 16 28889486 A 1.02  0.98 1.06  0.35 1.03  0.95 1.13  0.45 1.06  1.03 1.10  5.91E-04
rs4787491 16 30015337 G 1.01  0.97 1.05  0.64 0.95  0.87 1.04  0.27 1.03  0.99 1.07  0.12
rs9925964 16 31129895 A 1.05  1.01 1.09  9.26E-03 0.98  0.90 1.07  0.61 1.10  1.06 1.14  3.09E-07
rs2080454 16 49062590 C 1.00  0.96 1.04  0.98 1.03  0.94 1.12  0.57 0.99  0.95 1.03  0.60
rs1558902 16 53803574 A 1.01  0.97 1.05  0.60 1.04  0.95 1.14  0.34 1.06  1.03 1.10  3.94E-04
rs9914578 17 2005136 G 0.98  0.94 1.03  0.48 0.95  0.85 1.05  0.33 1.04  0.99 1.10  0.08
rs1000940 17 5283252 G 1.01  0.97 1.05  0.79 1.00  0.90 1.09  0.93 1.00  0.95 1.04  0.88
rs12940622 17 78615571 G 0.99  0.96 1.03  0.75 0.99  0.90 1.07  0.76 1.03  0.99 1.07  0.12
rs1808579 18 21104888 C 1.03  1.00 1.07  0.08 1.08  0.99 1.17  0.08 0.97  0.94 1.01  0.18
rs7239883 18 40147671 G 0.96  0.92 1.00  0.03 1.07  0.98 1.16  0.15 1.01  0.97 1.05  0.71
rs7243357 18 56883319 T 1.00  0.95 1.05  0.96 0.96  0.85 1.08  0.55 1.00  0.95 1.05  0.86
rs6567160 18 57829135 C 1.05  1.01 1.10  0.02 1.04  0.94 1.15  0.42 0.98  0.94 1.02  0.36
rs17724992 19 18454825 A 1.01  0.96 1.05  0.78 1.02  0.92 1.13  0.74 1.05  1.00 1.10  0.03
rs29941 19 34309532 G 1.01  0.97 1.05  0.53 0.91  0.84 1.00  0.05 0.99  0.95 1.03  0.55
rs2075650 19 45395619 A 1.04  0.99 1.10  0.15 0.96  0.85 1.08  0.51 0.99  0.94 1.04  0.67
rs2287019 19 46202172 C 1.02  0.97 1.07  0.36 1.01  0.91 1.13  0.84 0.96  0.92 1.01  0.13
rs3810291 19 47569003 A 1.03  0.99 1.07  0.17 0.97  0.88 1.06  0.47 0.94  0.90 0.98  6.69E-03
rs6091540 20 51087862 C 1.01  0.97 1.05  0.78 1.06  0.96 1.16  0.24 1.02  0.98 1.06  0.36
rs2836754 21 40291740 C 0.99  0.95 1.03  0.60 0.91  0.84 1.00  0.05 1.05  1.02 1.09  4.20E-03

